{"root":"id217","products":[{"id":"id217","step":"part_Scania_cutting_tool_assembly.stp","name":"Scania_cutting_tool_assembly","children":["id215","id216"],"shapes":["id258"]},{"id":"id215","step":"part_392_41005-10022050A-634571392697480647-1.stp","name":"392 41005-10022050A-634571392697480647-1","shapes":["id255"]},{"id":"id216","step":"part_Iscar_mill_assembly.stp","name":"Iscar_mill_assembly","children":["id214","id213","id213","id213","id213","id213","id212"],"shapes":["id257"]},{"id":"id214","step":"part_3105316_-_T490_FLN_D050-05-22-R-13.stp","name":"3105316 - T490 FLN D050-05-22-R-13","shapes":["id253"]},{"id":"id213","step":"part_5605374_-_T490_LNHT_1306PNTR.stp","name":"5605374 - T490 LNHT 1306PNTR","shapes":["id251"]},{"id":"id212","step":"part_7000000_-_SR_34-535-SN.stp","name":"7000000 - SR 34-535-SN","shapes":["id250"]}],"shapes":[{"id":"id258","shells":[],"annotations":[],"children":[{"ref":"id255","xform":"I"},{"ref":"id257","xform":[0,1,0,0,-1,0,0,0,0,0,1,0,-5.20417e-15,1.73472e-15,-50.01,1]}]},{"id":"id255","shells":["id451"],"annotations":["id6155"],"children":[]},{"id":"id257","shells":[],"annotations":[],"children":[{"ref":"id253","xform":"I"},{"ref":"id251","xform":[-0.0220279,0.104503,0.994281,0,0.999757,0.00230254,0.0219072,0,4.33681e-19,0.994522,-0.104528,0,-17.3322,2.30902,-32.4982,1]},{"ref":"id251","xform":[-0.105599,0.0159648,0.994281,0,0.347966,0.937251,0.0219072,0,-0.931541,0.348289,-0.104528,0,-8.23267,-15.426,-32.4982,1]},{"ref":"id251","xform":[-0.0494749,-0.0946486,0.994281,0,-0.772902,0.634147,0.0219072,0,-0.632594,-0.767398,-0.104528,0,11.9053,-12.8063,-32.4982,1]},{"ref":"id251","xform":[0.0760479,-0.0749856,0.994281,0,-0.832413,-0.553723,0.0219072,0,0.548913,-0.829318,-0.104528,0,15.7275,7.64083,-32.4982,1]},{"ref":"id251","xform":[0.0925814,0.053243,0.994281,0,0.311132,-0.950114,0.0219072,0,0.945847,0.307324,-0.104528,0,-3.15994,17.1974,-32.4982,1]},{"ref":"id250","xform":"I"}]},{"id":"id253","shells":["id452"],"annotations":["id6154"],"children":[]},{"id":"id251","shells":["id453"],"annotations":["id6153"],"children":[]},{"id":"id250","shells":[],"annotations":[],"children":[]}],"shells":[{"id":"id451","size":3055,"bbox":[-49.965,-49.965,-81.51,49.965,49.965,49.9],"href":"shell_id451.json"},{"id":"id452","size":5346,"bbox":[-23.9776,-23.9754,-38.5,23.5,23.9765,3.80218e-10],"href":"shell_id452.json"},{"id":"id453","size":2028,"bbox":[-6.90723,-6.65,-6.5264,6.90723,1.04663e-16,6.5264],"href":"shell_id453.json"}],"annotations":[{"id":"id6155","href":"annotation_id6155.json"},{"id":"id6154","href":"annotation_id6154.json"},{"id":"id6153","href":"annotation_id6153.json"}],"batches":1}