{"root":"id203464","products":[{"id":"id203464","step":"part_Two_Stroke_Engine_by_Tom_Kirkup_-_Revision_2_ASM.stp","name":"Two Stroke Engine by Tom Kirkup - Revision 2 ASM","children":["id203456","id203456","id203456","id203456","id203431","id203431","id203416","id203455","id203452","id203452","id203452","id203452","id203451","id203445","id203458","id203463","id203444","id203428","id203428","id203430","id203450","id203446","id203457","id203457","id203429","id203414","id203436","id203459","id203408","id203406","id203406","id203406","id203406","id203407","id203438","id203440","id203439"],"shapes":["id24571"]},{"id":"id203456","step":"part_Attachment_Bolt.stp","name":"Attachment Bolt","shapes":["id24549"]},{"id":"id203431","step":"part_Bearing_-_ASM.stp","name":"Bearing - ASM","children":["id203433","id203433","id203433","id203433","id203433","id203433","id203433","id203433","id203433","id203433","id203433","id203432","id203432","id203435","id203434"],"shapes":["id24486"]},{"id":"id203433","step":"part_Bearing_-_Ball.stp","name":"Bearing - Ball","shapes":["id24489"]},{"id":"id203432","step":"part_Bearing_-_Seal.stp","name":"Bearing - Seal","shapes":["id24342"]},{"id":"id203435","step":"part_Bearing_-_inner_raceway.stp","name":"Bearing - inner raceway","shapes":["id24566"]},{"id":"id203434","step":"part_Bearing_-_outer_raceway.stp","name":"Bearing - outer raceway","shapes":["id24493"]},{"id":"id203416","step":"part_Carburetor_ASM.stp","name":"Carburetor ASM","children":["id203420","id203417","id203421","id203419","id203422","id203426","id203424","id203424","id203424","id203424","id203418","id203418","id203423","id203425","id203427"],"shapes":["id24360"]},{"id":"id203420","step":"part_Air_Filter.stp","name":"Air Filter","shapes":["id24445"]},{"id":"id203417","step":"part_Air_Filter_Casing_bolt.stp","name":"Air Filter Casing bolt","shapes":["id24151"]},{"id":"id203421","step":"part_Air_Intake_-_Choke.stp","name":"Air Intake - Choke","shapes":["id24339"]},{"id":"id203419","step":"part_Air_Intake_-_Cover.stp","name":"Air Intake - Cover","shapes":["id24473"]},{"id":"id203422","step":"part_Air_Intake_-_Rear_casing.stp","name":"Air Intake - Rear casing","shapes":["id24166"]},{"id":"id203426","step":"part_Carbureter_Bottom.stp","name":"Carbureter Bottom","shapes":["id24330"]},{"id":"id203424","step":"part_Carburetor_-_ASM_Bolts.stp","name":"Carburetor - ASM Bolts","shapes":["id24320"]},{"id":"id203418","step":"part_Carburetor_-_Bolts.stp","name":"Carburetor - Bolts","shapes":["id24496"]},{"id":"id203423","step":"part_Carburetor_-_Throttle.stp","name":"Carburetor - Throttle","shapes":["id24192"]},{"id":"id203425","step":"part_Carburetor_Bulb.stp","name":"Carburetor Bulb","shapes":["id24462"]},{"id":"id203427","step":"part_Carburetor_Main_body.stp","name":"Carburetor Main body","shapes":["id24186"]},{"id":"id203455","step":"part_Con_Rod.stp","name":"Con Rod","shapes":["id24245"]},{"id":"id203452","step":"part_Crank_Cover_Bolt.stp","name":"Crank Cover Bolt","shapes":["id24263"]},{"id":"id203451","step":"part_Crankshaft_ASM.stp","name":"Crankshaft ASM","children":["id203452","id203454","id203453"],"shapes":["id24237"]},{"id":"id203454","step":"part_Crankshaft_Left.stp","name":"Crankshaft Left","shapes":["id24174"]},{"id":"id203453","step":"part_Crankshaft_Right.stp","name":"Crankshaft Right","shapes":["id24457"]},{"id":"id203445","step":"part_Crankshaft_Cover.stp","name":"Crankshaft Cover","shapes":["id24368"]},{"id":"id203458","step":"part_Engine_Block.stp","name":"Engine Block","shapes":["id24209"]},{"id":"id203463","step":"part_Engine_Head.stp","name":"Engine Head","shapes":["id24296"]},{"id":"id203444","step":"part_Exhaust.stp","name":"Exhaust","shapes":["id24280"]},{"id":"id203428","step":"part_Exhaust_bolt.stp","name":"Exhaust bolt","shapes":["id24314"]},{"id":"id203430","step":"part_Fire_Wall.stp","name":"Fire Wall","shapes":["id24453"]},{"id":"id203450","step":"part_Flywheel.stp","name":"Flywheel","shapes":["id24230"]},{"id":"id203446","step":"part_Fuel_Tank_ASM.stp","name":"Fuel Tank ASM","children":["id203448","id203449","id203447","id203447"],"shapes":["id24392"]},{"id":"id203448","step":"part_Fuel_Cap.stp","name":"Fuel Cap","shapes":["id24469"]},{"id":"id203449","step":"part_Fuel_Tank.stp","name":"Fuel Tank","shapes":["id24300"]},{"id":"id203447","step":"part_Fuel_Tank_Bolt.stp","name":"Fuel Tank Bolt","shapes":["id24293"]},{"id":"id203457","step":"part_Head_to_block_Bolt.stp","name":"Head to block Bolt","shapes":["id24306"]},{"id":"id203429","step":"part_Manifold.stp","name":"Manifold","shapes":["id24354"]},{"id":"id203414","step":"part_Pipe_14-Two_Stroke_Engine_by_Tom_Kirkup_ASM.stp","name":"Pipe_14-Two Stroke Engine by Tom Kirkup ASM","children":["id203415"],"shapes":["id24278"]},{"id":"id203415","step":"part_Cable^Pipe_14-Two_Stroke_Engine_by_Tom_Kirkup_ASM.stp","name":"Cable^Pipe_14-Two Stroke Engine by Tom Kirkup ASM","shapes":["id24149"]},{"id":"id203436","step":"part_Pipe_6-Two_Stroke_Engine_by_Tom_Kirkup_ASM.stp","name":"Pipe_6-Two Stroke Engine by Tom Kirkup ASM","children":["id203437"],"shapes":["id24287"]},{"id":"id203437","step":"part_Cable.stp","name":"Cable","shapes":["id24507"]},{"id":"id203459","step":"part_Piston_SubASM.stp","name":"Piston SubASM","children":["id203462","id203460","id203461"],"shapes":["id24254"]},{"id":"id203462","step":"part_Piston.stp","name":"Piston","shapes":["id24266"]},{"id":"id203460","step":"part_Piston_Pin.stp","name":"Piston Pin","shapes":["id24303"]},{"id":"id203461","step":"part_Piston_Ring.stp","name":"Piston Ring","shapes":["id24251"]},{"id":"id203408","step":"part_Pull_Cord_ASM.stp","name":"Pull Cord ASM","children":["id203412","id203410","id203411","id203413","id203409"],"shapes":["id24481"]},{"id":"id203412","step":"part_Pull_Cord.stp","name":"Pull Cord","shapes":["id24371"]},{"id":"id203410","step":"part_Pulley_-_Bolt.stp","name":"Pulley - Bolt","shapes":["id24540"]},{"id":"id203411","step":"part_Pulley_Washer.stp","name":"Pulley Washer","shapes":["id24440"]},{"id":"id203413","step":"part_Pulley_Wheel.stp","name":"Pulley Wheel","shapes":["id24562"]},{"id":"id203409","step":"part_Pulley_handle.stp","name":"Pulley handle","shapes":["id24163"]},{"id":"id203406","step":"part_Rear_Casing_-_Bolt.stp","name":"Rear Casing - Bolt","shapes":["id24555"]},{"id":"id203407","step":"part_Rear_Cover.stp","name":"Rear Cover","shapes":["id24180"]},{"id":"id203438","step":"part_Spark_Coil_-_Boot_and_Wire.stp","name":"Spark Coil - Boot and Wire","shapes":["id24543"]},{"id":"id203440","step":"part_Spark_Coil_ASM.stp","name":"Spark Coil ASM","children":["id203441","id203441","id203443","id203442","id203442","id203442","id203442","id203442","id203442","id203442","id203442","id203442","id203442","id203442","id203442","id203442","id203442"],"shapes":["id24380"]},{"id":"id203441","step":"part_Spark_Coil_-_Bolt.stp","name":"Spark Coil - Bolt","shapes":["id24214"]},{"id":"id203443","step":"part_Spark_Coil_-_Cathode_anode.stp","name":"Spark Coil - Cathode anode","shapes":["id24532"]},{"id":"id203442","step":"part_Spark_Coil_-_Plates.stp","name":"Spark Coil - Plates","shapes":["id24466"]},{"id":"id203439","step":"part_Spark_Plug.stp","name":"Spark Plug","shapes":["id24529"]}],"shapes":[{"id":"id24571","shells":[],"annotations":[],"children":[{"ref":"id24354","xform":[1,2.2408e-17,-3.34304e-17,0,-2.19957e-17,0.999925,0.0122846,0,3.37031e-17,-0.0122846,0.999925,0,-40.5443,-17.818,-2.06548,1]},{"ref":"id24486","xform":[-2.8865e-17,-4.12599e-19,-1,0,0.383049,-0.923728,-1.06756e-17,0,-0.923728,-0.383049,2.68214e-17,0,0.815729,-55.9511,15.6391,1]},{"ref":"id24230","xform":[1.06718e-16,-5.7554e-17,-1,0,-0.882748,0.469848,-1.21247e-16,0,0.469848,0.882748,-6.64211e-19,0,-2.54426,-55.8607,-43.3093,1]},{"ref":"id24543","xform":[-0.19876,-6.4854e-17,-0.980048,0,-8.18157e-17,1,-4.95816e-17,0,0.980048,7.03285e-17,-0.19876,0,-2.54426,49.7777,-1.80929,1]},{"ref":"id24555","xform":[0.866025,0.5,-2.4037e-17,0,-0.5,0.866025,4.16334e-17,0,4.16334e-17,-2.4037e-17,1,0,36.4269,-33.3607,-39.8093,1]},{"ref":"id24360","xform":[5.20336e-17,0.0122846,-0.999925,0,-2.19957e-17,0.999925,0.0122846,0,1,2.13548e-17,5.22998e-17,0,-67.164,-20.0826,-17.9873,1]},{"ref":"id24549","xform":[-2.77556e-17,0,-1,0,0.383049,-0.923728,-1.06317e-17,0,-0.923728,-0.383049,2.56386e-17,0,-31.5443,-26.8607,56.1907,1]},{"ref":"id24180","xform":[-2.77556e-17,-3.85374e-34,-1,0,0.0000287401,1,-7.97697e-22,0,1,-0.0000287401,-2.77556e-17,0,-2.54426,-55.8607,-34.3093,1]},{"ref":"id24280","xform":[1,0,0,0,0,1,0,0,0,0,1,0,51.4557,-17.8607,-1.80929,1]},{"ref":"id24245","xform":[0.967672,-0.252214,-2.66964e-17,0,0.252214,0.967672,-6.95747e-18,0,2.75881e-17,-6.3612e-22,1,0,-14.9027,-49.2828,-1.80929,1]},{"ref":"id24549","xform":[-2.77556e-17,-1.54074e-33,-1,0,-0.923728,-0.383049,2.56386e-17,0,-0.383049,0.923728,1.06317e-17,0,26.4557,-26.8607,56.1907,1]},{"ref":"id24237","xform":[0.469848,0.882748,-1.39264e-17,0,-0.882748,0.469848,2.52866e-17,0,2.8865e-17,4.12599e-19,1,0,-1.76758,-49.4049,16.1365,1]},{"ref":"id24549","xform":[-2.77556e-17,0,-1,0,-0.383049,0.923728,1.06317e-17,0,0.923728,0.383049,-2.56386e-17,0,26.4557,-84.8607,56.1907,1]},{"ref":"id24368","xform":[1,0,0,0,0,1,0,0,0,0,1,0,-2.54426,-55.8607,-35.3093,1]},{"ref":"id24380","xform":[1,0,0,0,0,1,0,0,0,0,1,0,-7.13179,-23.8737,-72.62,1]},{"ref":"id24549","xform":[-2.77556e-17,4.62223e-33,-1,0,0.923728,0.383049,-2.56386e-17,0,0.383049,-0.923728,-1.06317e-17,0,-31.5443,-84.8607,56.1907,1]},{"ref":"id24306","xform":[0,1,0,0,1,0,6.98296e-15,0,6.98296e-15,0,-1,0,-24.0443,-31.8607,-23.3093,1]},{"ref":"id24263","xform":[-2.77556e-17,-1.06436e-33,-1,0,1,1.04744e-14,-2.77556e-17,0,1.04744e-14,-1,-2.8966e-31,0,18.6689,-34.6475,-27.3093,1]},{"ref":"id24209","xform":[-2.77556e-17,0,-1,0,0,1,0,0,1,0,-2.77556e-17,0,-2.54426,-55.8607,-1.80929,1]},{"ref":"id24254","xform":[1,0,0,0,0,1,0,0,0,0,1,0,3.74509,-7.67856,-10.6912,1]},{"ref":"id24314","xform":[-1,0,0,0,0,0.381849,-0.924225,0,0,-0.924225,-0.381849,0,27.4557,-0.360709,-16.8093,1]},{"ref":"id24314","xform":[-1,0,0,0,0,-0.490416,-0.871489,0,0,-0.871489,0.490416,0,27.4557,-0.360709,13.1907,1]},{"ref":"id24529","xform":[0.19876,-5.42412e-16,0.980048,0,-5.42412e-16,1,6.63459e-16,0,-0.980048,-6.63459e-16,0.19876,0,-2.54426,0.939291,-1.80929,1]},{"ref":"id24263","xform":[-2.77556e-17,0,-1,0,6.98296e-15,-1,-1.93816e-31,0,-1,-6.98296e-15,2.77556e-17,0,18.6689,-77.0739,-27.3093,1]},{"ref":"id24306","xform":[0,1,0,0,-1,0,0,0,0,0,1,0,18.9557,-31.8607,19.6907,1]},{"ref":"id24263","xform":[-2.77556e-17,1.69954e-33,-1,0,-1,-3.49148e-15,2.77556e-17,0,-3.49148e-15,1,9.86076e-32,0,-23.7575,-77.0739,-27.3093,1]},{"ref":"id24392","xform":[-2.77556e-17,4.16001e-32,-1,0,1.63137e-35,1,4.16001e-32,0,1,-1.63137e-35,-2.77556e-17,0,-34.1423,-101.125,-20.065,1]},{"ref":"id24296","xform":[1,0,0,0,0,1,0,0,0,0,1,0,-2.54426,-17.8607,-1.80929,1]},{"ref":"id24481","xform":[-2.8865e-17,-4.12599e-19,-1,0,0.849002,0.52839,-2.47244e-17,0,0.52839,-0.849002,-1.49017e-17,0,-7.39491,-56.4357,-83.9346,1]},{"ref":"id24278","xform":"I"},{"ref":"id24263","xform":[-2.77556e-17,0,-1,0,0,1,0,0,1,0,-2.77556e-17,0,-23.7575,-34.6475,-27.3093,1]},{"ref":"id24555","xform":[0,-1,0,0,1,0,0,0,0,0,1,0,-2.54426,-100.861,-39.8093,1]},{"ref":"id24453","xform":[1,0,0,0,0,1,0,0,0,0,1,0,-35.5443,-17.6107,-1.80929,1]},{"ref":"id24555","xform":[0.866025,-0.5,-2.4037e-17,0,0.5,0.866025,1.38778e-17,0,1.38778e-17,-2.4037e-17,1,0,36.4269,-78.3607,-39.8093,1]},{"ref":"id24555","xform":[-0.866025,-0.5,2.4037e-17,0,0.5,-0.866025,1.38778e-17,0,1.38778e-17,2.4037e-17,1,0,-41.5154,-78.3607,-39.8093,1]},{"ref":"id24486","xform":[-2.8865e-17,-4.12599e-19,-1,0,-3.0931e-34,1,-4.12599e-19,0,1,2.974e-34,-2.8865e-17,0,-5.61335,-54.4902,-24.3609,1]},{"ref":"id24287","xform":"I"}]},{"id":"id24354","shells":[],"annotations":[],"children":[{"ref":"id244539","xform":"I"}]},{"id":"id244539","shells":["id148649"],"annotations":[],"children":[]},{"id":"id24486","shells":[],"annotations":[],"children":[{"ref":"id24489","xform":[1,-7.08835e-33,-1.23073e-33,0,-3.71175e-33,-0.654861,0.75575,0,-6.16298e-33,-0.75575,-0.654861,0,-4.05156,-8.24659,11.0045,1]},{"ref":"id24489","xform":[1,-8.389e-34,5.83468e-33,0,-5.89468e-33,-0.142315,0.989821,0,0,-0.989821,-0.142315,0,-4.05156,-2.86486,13.4622,1]},{"ref":"id24489","xform":[1,2.5781e-33,5.64525e-33,0,-6.20609e-33,0.415415,0.909632,0,0,-0.909632,0.415415,0,-4.05156,2.9913,12.6202,1]},{"ref":"id24489","xform":[1,3.82527e-33,2.45835e-33,0,-4.5471e-33,0.841254,0.540641,0,0,-0.540641,0.841254,0,-4.05156,7.46261,8.74582,1]},{"ref":"id24489","xform":[1,1.44445e-33,-6.16298e-33,0,-1.44445e-33,1,-9.03794e-34,0,6.16298e-33,9.03794e-34,1,0,-4.05156,9.12945,3.06909,1]},{"ref":"id24489","xform":[1,1.3488e-34,6.35126e-33,0,6.30581e-33,-0.142315,-0.989821,0,7.70372e-34,0.989821,-0.142315,0,-4.05156,-2.86486,-7.32404,1]},{"ref":"id24489","xform":[1,-4.88259e-33,3.27352e-33,0,5.00599e-33,0.415415,-0.909632,0,3.08149e-33,0.909632,0.415415,0,-4.05156,2.9913,-6.48205,1]},{"ref":"id24489","xform":[1,-3.44675e-33,-1.44788e-33,0,2.11681e-33,0.841254,-0.540641,0,3.08149e-33,0.540641,0.841254,0,-4.05156,7.46261,-2.60764,1]},{"ref":"id24342","xform":[1,1.44445e-33,-6.16298e-33,0,-1.44445e-33,1,-9.03794e-34,0,6.16298e-33,9.03794e-34,1,0,1.47172,-1.37055,3.06909,1]},{"ref":"id24342","xform":[1,1.44445e-33,-6.16298e-33,0,-1.44445e-33,1,-9.03794e-34,0,6.16298e-33,9.03794e-34,1,0,-5.02828,-1.37055,3.06909,1]},{"ref":"id24566","xform":[1,1.44445e-33,-6.16298e-33,0,-1.44445e-33,1,-9.03794e-34,0,6.16298e-33,9.03794e-34,1,0,-4.05156,-1.37055,3.06909,1]},{"ref":"id24489","xform":[1,2.99578e-33,8.79639e-34,0,3.12225e-33,-0.959493,-0.281733,0,0,0.281733,-0.959493,0,-4.05156,-11.4452,0.110898,1]},{"ref":"id24489","xform":[1,8.32723e-33,1.99011e-34,0,5.60358e-33,-0.654861,-0.75575,0,-6.16298e-33,0.75575,-0.654861,0,-4.05156,-8.24659,-4.86628,1]},{"ref":"id24489","xform":[1,-3.36181e-34,9.87117e-35,0,-3.50374e-34,-0.959493,0.281733,0,0,-0.281733,-0.959493,0,-4.05156,-11.4452,6.02728,1]},{"ref":"id24493","xform":[1,-4.97016e-33,2.58686e-33,0,4.67962e-33,0.486937,-0.873437,0,3.08149e-33,0.873437,0.486937,0,-4.05156,-1.37055,3.06909,1]}]},{"id":"id24489","shells":[],"annotations":[],"children":[{"ref":"id244527","xform":"I"}]},{"id":"id244527","shells":["id148671"],"annotations":[],"children":[]},{"id":"id24342","shells":[],"annotations":[],"children":[{"ref":"id244531","xform":"I"}]},{"id":"id244531","shells":["id148740"],"annotations":[],"children":[]},{"id":"id24566","shells":[],"annotations":[],"children":[{"ref":"id244520","xform":"I"}]},{"id":"id244520","shells":["id148779"],"annotations":[],"children":[]},{"id":"id24493","shells":[],"annotations":[],"children":[{"ref":"id244524","xform":"I"}]},{"id":"id244524","shells":["id148821"],"annotations":[],"children":[]},{"id":"id24230","shells":[],"annotations":[],"children":[{"ref":"id244476","xform":"I"}]},{"id":"id244476","shells":["id148653"],"annotations":[],"children":[]},{"id":"id24543","shells":[],"annotations":[],"children":[{"ref":"id244512","xform":"I"}]},{"id":"id244512","shells":["id148666"],"annotations":[],"children":[]},{"id":"id24555","shells":[],"annotations":[],"children":[{"ref":"id244623","xform":"I"}]},{"id":"id244623","shells":["id148807"],"annotations":[],"children":[]},{"id":"id24360","shells":[],"annotations":[],"children":[{"ref":"id24462","xform":[1,1.18695e-66,6.16298e-33,0,-5.93473e-67,1,-9.62965e-35,0,-6.16298e-33,9.62965e-35,1,0,-15.8928,-15.54,1.61972,1]},{"ref":"id24496","xform":[-6.16298e-33,-9.62965e-35,-1,0,-5.93473e-67,1,-9.62965e-35,0,1,0,-6.16298e-33,0,-30.8928,9.96004,29.6197,1]},{"ref":"id24166","xform":[-1,-4.45824e-16,-4.29313e-50,0,-4.45824e-16,1,9.62965e-35,0,0,9.62965e-35,-1,0,-15.8928,1.96004,-13.3803,1]},{"ref":"id24320","xform":[1.0877e-19,-1,4.19819e-19,0,0.968037,2.41517e-35,-0.250806,0,0.250806,4.33681e-19,0.968037,0,-27.8928,5.96004,13.6197,1]},{"ref":"id24473","xform":[-1,-3.90313e-16,-6.16298e-33,0,-3.90313e-16,1,-2.40549e-48,0,6.16298e-33,0,-1,0,-15.8928,1.96004,-25.3803,1]},{"ref":"id24192","xform":[-0.921837,0,-0.387579,0,3.36171e-19,1,-7.99566e-19,0,0.387579,-8.67362e-19,-0.921837,0,-15.8928,18.06,1.61972,1]},{"ref":"id24151","xform":[-6.16298e-33,-9.62965e-35,-1,0,-5.93473e-67,1,-9.62965e-35,0,1,0,-6.16298e-33,0,-15.8928,-8.03996,-16.3803,1]},{"ref":"id24320","xform":[-2.33798e-35,-1,-9.02391e-35,0,-0.250806,9.32186e-35,-0.968037,0,0.968037,0,-0.250806,0,-3.89282,5.96004,13.6197,1]},{"ref":"id24496","xform":[-6.16298e-33,-9.62965e-35,-1,0,-5.93473e-67,1,-9.62965e-35,0,1,0,-6.16298e-33,0,-0.892817,9.96004,29.6197,1]},{"ref":"id24320","xform":[1.0877e-19,-1,4.19819e-19,0,-0.968037,-2.41517e-35,0.250806,0,-0.250806,-4.33681e-19,-0.968037,0,-3.89282,5.96004,-10.3803,1]},{"ref":"id24320","xform":[-1.67928e-18,-1,4.35079e-19,0,0.250806,-9.32186e-35,0.968037,0,-0.968037,1.73472e-18,0.250806,0,-27.8928,5.96004,-10.3803,1]},{"ref":"id24339","xform":[-0.972429,0.233198,-5.99306e-33,0,-0.233198,-0.972429,-1.4372e-33,0,-6.16298e-33,0,1,0,-30.8928,9.96004,-15.8803,1]},{"ref":"id24330","xform":[1,1.18695e-66,6.16298e-33,0,-5.93473e-67,1,-9.62965e-35,0,-6.16298e-33,9.62965e-35,1,0,-15.8928,9.96004,1.61972,1]},{"ref":"id24445","xform":[1,1.18695e-66,6.16298e-33,0,-5.93473e-67,1,-9.62965e-35,0,-6.16298e-33,9.62965e-35,1,0,-15.8928,1.96004,-30.3803,1]},{"ref":"id24186","xform":[1,1.18695e-66,6.16298e-33,0,-5.93473e-67,1,-9.62965e-35,0,-6.16298e-33,9.62965e-35,1,0,-15.8928,9.96004,1.61972,1]}]},{"id":"id24462","shells":[],"annotations":[],"children":[{"ref":"id244557","xform":"I"}]},{"id":"id244557","shells":["id148646"],"annotations":[],"children":[]},{"id":"id24496","shells":[],"annotations":[],"children":[{"ref":"id244587","xform":"I"}]},{"id":"id244587","shells":["id148675"],"annotations":[],"children":[]},{"id":"id24166","shells":[],"annotations":[],"children":[{"ref":"id244570","xform":"I"}]},{"id":"id244570","shells":["id148619"],"annotations":[],"children":[]},{"id":"id24320","shells":[],"annotations":[],"children":[{"ref":"id244562","xform":"I"}]},{"id":"id244562","shells":["id148658"],"annotations":[],"children":[]},{"id":"id24473","shells":[],"annotations":[],"children":[{"ref":"id244582","xform":"I"}]},{"id":"id244582","shells":["id148572"],"annotations":[],"children":[]},{"id":"id24192","shells":[],"annotations":[],"children":[{"ref":"id244565","xform":"I"}]},{"id":"id244565","shells":["id148662"],"annotations":[],"children":[]},{"id":"id24151","shells":[],"annotations":[],"children":[{"ref":"id244591","xform":"I"}]},{"id":"id244591","shells":["id148589"],"annotations":[],"children":[]},{"id":"id24339","shells":[],"annotations":[],"children":[{"ref":"id244575","xform":"I"}]},{"id":"id244575","shells":["id148713"],"annotations":[],"children":[]},{"id":"id24330","shells":[],"annotations":[],"children":[{"ref":"id244553","xform":"I"}]},{"id":"id244553","shells":["id148722"],"annotations":[],"children":[]},{"id":"id24445","shells":[],"annotations":[],"children":[{"ref":"id244578","xform":"I"}]},{"id":"id244578","shells":["id148765"],"annotations":[],"children":[]},{"id":"id24186","shells":[],"annotations":[],"children":[{"ref":"id244549","xform":"I"}]},{"id":"id244549","shells":["id148783"],"annotations":[],"children":[]},{"id":"id24549","shells":[],"annotations":[],"children":[{"ref":"id244458","xform":"I"}]},{"id":"id244458","shells":["id148697"],"annotations":[],"children":[]},{"id":"id24180","shells":[],"annotations":[],"children":[{"ref":"id244618","xform":"I"}]},{"id":"id244618","shells":["id148693"],"annotations":[],"children":[]},{"id":"id24280","shells":[],"annotations":[],"children":[{"ref":"id244494","xform":"I"}]},{"id":"id244494","shells":["id148709"],"annotations":[],"children":[]},{"id":"id24245","shells":[],"annotations":[],"children":[{"ref":"id244462","xform":"I"}]},{"id":"id244462","shells":["id148701"],"annotations":[],"children":[]},{"id":"id24237","shells":[],"annotations":[],"children":[{"ref":"id24174","xform":[1,-3.52151e-34,-1.08515e-66,0,3.52151e-34,1,3.08149e-33,0,0,-3.08149e-33,1,0,-6.06374,-2.34761,-17.9458,1]},{"ref":"id24457","xform":[1,-3.52151e-34,-1.08515e-66,0,3.52151e-34,1,3.08149e-33,0,0,-3.08149e-33,1,0,-6.06374,-2.34761,-17.9458,1]},{"ref":"id24263","xform":[1.08515e-66,3.08149e-33,-1,0,3.52151e-34,1,3.08149e-33,0,1,-3.52151e-34,0,0,-6.06374,11.6524,-17.9458,1]}]},{"id":"id24174","shells":[],"annotations":[],"children":[{"ref":"id244466","xform":"I"}]},{"id":"id244466","shells":["id148641"],"annotations":[],"children":[]},{"id":"id24457","shells":[],"annotations":[],"children":[{"ref":"id244470","xform":"I"}]},{"id":"id244470","shells":["id148794"],"annotations":[],"children":[]},{"id":"id24263","shells":[],"annotations":[],"children":[{"ref":"id244472","xform":"I"}]},{"id":"id244472","shells":["id148813"],"annotations":[],"children":[]},{"id":"id24368","shells":[],"annotations":[],"children":[{"ref":"id244490","xform":"I"}]},{"id":"id244490","shells":["id148731"],"annotations":[],"children":[]},{"id":"id24380","shells":[],"annotations":[],"children":[{"ref":"id24466","xform":[1,0,0,0,0,1,0,0,0,0,1,0,21.5875,13.513,22.3107,1]},{"ref":"id24466","xform":[1,0,0,0,0,1,0,0,0,0,1,0,21.5875,14.013,22.3107,1]},{"ref":"id24466","xform":[1,0,0,0,0,1,0,0,0,0,1,0,21.5875,17.513,22.3107,1]},{"ref":"id24466","xform":[1,0,0,0,0,1,0,0,0,0,1,0,21.5875,17.013,22.3107,1]},{"ref":"id24466","xform":[1,0,0,0,0,1,0,0,0,0,1,0,21.5875,18.013,22.3107,1]},{"ref":"id24466","xform":[1,0,0,0,0,1,0,0,0,0,1,0,21.5875,18.513,22.3107,1]},{"ref":"id24532","xform":[1,0,0,0,0,1,0,0,0,0,1,0,4.58753,-31.987,19.3107,1]},{"ref":"id24214","xform":[0,0,1,0,0.383049,-0.923728,0,0,0.923728,0.383049,0,0,21.5875,9.67836,34.3107,1]},{"ref":"id24466","xform":[1,0,0,0,0,1,0,0,0,0,1,0,21.5875,16.513,22.3107,1]},{"ref":"id24466","xform":[1,0,0,0,0,1,0,0,0,0,1,0,21.5875,16.013,22.3107,1]},{"ref":"id24214","xform":[0,0,1,0,0.383049,-0.923728,0,0,0.923728,0.383049,0,0,-12.4125,9.67836,34.3107,1]},{"ref":"id24466","xform":[1,0,0,0,0,1,0,0,0,0,1,0,21.5875,15.513,22.3107,1]},{"ref":"id24466","xform":[1,0,0,0,0,1,0,0,0,0,1,0,21.5875,12.013,22.3107,1]},{"ref":"id24466","xform":[1,0,0,0,0,1,0,0,0,0,1,0,21.5875,14.513,22.3107,1]},{"ref":"id24466","xform":[1,0,0,0,0,1,0,0,0,0,1,0,21.5875,12.513,22.3107,1]},{"ref":"id24466","xform":[1,0,0,0,0,1,0,0,0,0,1,0,21.5875,15.013,22.3107,1]},{"ref":"id24466","xform":[1,0,0,0,0,1,0,0,0,0,1,0,21.5875,13.013,22.3107,1]}]},{"id":"id24466","shells":[],"annotations":[],"children":[{"ref":"id244503","xform":"I"}]},{"id":"id244503","shells":["id148753"],"annotations":[],"children":[]},{"id":"id24532","shells":[],"annotations":[],"children":[{"ref":"id244498","xform":"I"}]},{"id":"id244498","shells":["id148772"],"annotations":[],"children":[]},{"id":"id24214","shells":[],"annotations":[],"children":[{"ref":"id244506","xform":"I"}]},{"id":"id244506","shells":["id148804"],"annotations":[],"children":[]},{"id":"id24306","shells":[],"annotations":[],"children":[{"ref":"id244453","xform":"I"}]},{"id":"id244453","shells":["id148792"],"annotations":[],"children":[]},{"id":"id24209","shells":[],"annotations":[],"children":[{"ref":"id244449","xform":"I"}]},{"id":"id244449","shells":["id148775"],"annotations":[],"children":[]},{"id":"id24254","shells":[],"annotations":[],"children":[{"ref":"id24303","xform":[0.230521,0.973067,0,0,-0.973067,0.230521,0,0,0,0,1,0,-6.28935,5.81162,8.88187,1]},{"ref":"id24266","xform":[1,0,0,0,0,1,0,0,0,0,1,0,-6.28935,-8.18838,8.88187,1]},{"ref":"id24251","xform":[1,0,0,0,0,1,0,0,0,0,1,0,-6.28935,15.8116,8.88187,1]}]},{"id":"id24303","shells":[],"annotations":[],"children":[{"ref":"id244447","xform":"I"}]},{"id":"id244447","shells":["id148680"],"annotations":[],"children":[]},{"id":"id24266","shells":[],"annotations":[],"children":[{"ref":"id244438","xform":"I"}]},{"id":"id244438","shells":["id148817"],"annotations":[],"children":[]},{"id":"id24251","shells":[],"annotations":[],"children":[{"ref":"id244442","xform":"I"}]},{"id":"id244442","shells":["id148761"],"annotations":[],"children":[]},{"id":"id24314","shells":[],"annotations":[],"children":[{"ref":"id244544","xform":"I"}]},{"id":"id244544","shells":["id148769"],"annotations":[],"children":[]},{"id":"id24529","shells":[],"annotations":[],"children":[{"ref":"id244508","xform":"I"}]},{"id":"id244508","shells":["id148789"],"annotations":[],"children":[]},{"id":"id24392","shells":[],"annotations":[],"children":[{"ref":"id24293","xform":[-1,0,0,0,0,0.381849,-0.924225,0,0,-0.924225,-0.381849,0,6.74431,14.1515,0.485357,1]},{"ref":"id24300","xform":[1,0,0,0,0,1,1.631e-35,0,0,-1.631e-35,1,0,-21.2557,45.2642,31.5981,1]},{"ref":"id24469","xform":[6.10623e-16,-0.426353,0.904557,0,-0.727025,0.621078,0.292739,0,-0.686611,-0.657636,-0.30997,0,-21.2557,-1.23224,-50.0279,1]},{"ref":"id24293","xform":[-1,0,0,0,0,0.381849,-0.924225,0,0,-0.924225,-0.381849,0,6.74431,14.1515,62.7108,1]}]},{"id":"id24293","shells":[],"annotations":[],"children":[{"ref":"id244487","xform":"I"}]},{"id":"id244487","shells":["id148810"],"annotations":[],"children":[]},{"id":"id24300","shells":[],"annotations":[],"children":[{"ref":"id244480","xform":"I"}]},{"id":"id244480","shells":["id148749"],"annotations":[],"children":[]},{"id":"id24469","shells":[],"annotations":[],"children":[{"ref":"id244484","xform":"I"}]},{"id":"id244484","shells":["id148786"],"annotations":[],"children":[]},{"id":"id24296","shells":[],"annotations":[],"children":[{"ref":"id244436","xform":"I"}]},{"id":"id244436","shells":["id148801"],"annotations":[],"children":[]},{"id":"id24481","shells":[],"annotations":[],"children":[{"ref":"id24540","xform":[-1,2.60142e-34,6.53983e-33,0,-5.77421e-33,-0.505509,-0.862821,0,3.08149e-33,-0.862821,0.505509,0,-15.6253,4.422,2.0749,1]},{"ref":"id24440","xform":[3.08149e-33,3.68435e-34,1,0,6.16298e-33,1,-3.68435e-34,0,-1,6.16298e-33,3.08149e-33,0,4.37469,4.422,2.0749,1]},{"ref":"id24371","xform":[-6.16298e-33,1,-3.68435e-34,0,-1,-6.16298e-33,-3.08149e-33,0,-3.08149e-33,3.68435e-34,1,0,-8.62531,4.422,2.0749,1]},{"ref":"id24562","xform":[1,-6.16298e-33,3.08149e-33,0,6.16298e-33,1,-3.68435e-34,0,-3.08149e-33,3.68435e-34,1,0,-10.6253,4.422,2.0749,1]},{"ref":"id24163","xform":[0.99878,-0.0211948,0.0446101,0,0.0212159,0.999775,-6.65841e-15,0,-0.0446,0.000946442,0.999004,0,2.43717,54.4107,-12.9251,1]}]},{"id":"id24540","shells":[],"annotations":[],"children":[{"ref":"id244610","xform":"I"}]},{"id":"id244610","shells":["id148689"],"annotations":[],"children":[]},{"id":"id24440","shells":[],"annotations":[],"children":[{"ref":"id244605","xform":"I"}]},{"id":"id244605","shells":["id148685"],"annotations":[],"children":[]},{"id":"id24371","shells":[],"annotations":[],"children":[{"ref":"id244602","xform":"I"}]},{"id":"id244602","shells":["id148627","id148705"],"annotations":[],"children":[]},{"id":"id24562","shells":[],"annotations":[],"children":[{"ref":"id244600","xform":"I"}]},{"id":"id244600","shells":["id148757"],"annotations":[],"children":[]},{"id":"id24163","shells":[],"annotations":[],"children":[{"ref":"id244613","xform":"I"}]},{"id":"id244613","shells":["id148717"],"annotations":[],"children":[]},{"id":"id24278","shells":[],"annotations":[],"children":[{"ref":"id24149","xform":"I"}]},{"id":"id24149","shells":[],"annotations":[],"children":[{"ref":"id244595","xform":"I"}]},{"id":"id244595","shells":["id148726","id148744"],"annotations":[],"children":[]},{"id":"id24453","shells":[],"annotations":[],"children":[{"ref":"id244536","xform":"I"}]},{"id":"id244536","shells":["id148797"],"annotations":[],"children":[]},{"id":"id24287","shells":[],"annotations":[],"children":[{"ref":"id24507","xform":"I"}]},{"id":"id24507","shells":[],"annotations":[],"children":[{"ref":"id244516","xform":"I"}]},{"id":"id244516","shells":["id148736"],"annotations":[],"children":[]}],"shells":[{"id":"id148649","size":4110,"bbox":[-10.0007,-10.75,-22,5,25.75,22],"href":"shell_id148649.json"},{"id":"id148671","size":2624,"bbox":[-3,-3,-3,3,3,3],"href":"shell_id148671.json"},{"id":"id148740","size":280,"bbox":[-3.02328,-12,-12,-1.52328,12,12],"href":"shell_id148740.json"},{"id":"id148779","size":7942,"bbox":[-5,-9,-9,5,9,9],"href":"shell_id148779.json"},{"id":"id148821","size":2860,"bbox":[-5,-15,-15,5,15,15],"href":"shell_id148821.json"},{"id":"id148653","size":12018,"bbox":[-3.95931e-15,-38,-38,30,38,38],"href":"shell_id148653.json"},{"id":"id148666","size":2892,"bbox":[-8.95119,0,-8.95119,23.5031,28,8.95119],"href":"shell_id148666.json"},{"id":"id148807","size":5816,"bbox":[-6.77626e-17,-4,-4,13,4,4],"href":"shell_id148807.json"},{"id":"id148646","size":4236,"bbox":[-10.5,-14.3589,-10.5,10.5,3,10.5],"href":"shell_id148646.json"},{"id":"id148675","size":4088,"bbox":[9.48677e-17,-4,-4,48,4,4],"href":"shell_id148675.json"},{"id":"id148619","size":1908,"bbox":[-35,-47,0,35,47,10],"href":"shell_id148619.json"},{"id":"id148658","size":202990,"bbox":[1.6263e-16,-2,-2,22,2,2],"href":"shell_id148658.json"},{"id":"id148572","size":14432,"bbox":[-40,-52,-40,40,52,15],"href":"shell_id148572.json"},{"id":"id148662","size":1916,"bbox":[-10.4751,-20,-10.4853,14.9617,6,14.9617],"href":"shell_id148662.json"},{"id":"id148589","size":5504,"bbox":[9.48677e-17,-4,-4,27,4,4],"href":"shell_id148589.json"},{"id":"id148713","size":328,"bbox":[-14.6036,-18.2873,0,27.2365,56.2579,0.5],"href":"shell_id148713.json"},{"id":"id148722","size":1472,"bbox":[-15,-25.5,-15,15,-23,15],"href":"shell_id148722.json"},{"id":"id148765","size":2218,"bbox":[-33,-45,0,33,45,15],"href":"shell_id148765.json"},{"id":"id148783","size":1972,"bbox":[-20,-32,-15,24.5,14,17],"href":"shell_id148783.json"},{"id":"id148697","size":3962,"bbox":[-6.77626e-17,-4,-4,24,4,4],"href":"shell_id148697.json"},{"id":"id148693","size":16538,"bbox":[-2,-55,-55,62,67,55],"href":"shell_id148693.json"},{"id":"id148709","size":8522,"bbox":[-22,-44.5,-27,21,44.5,28],"href":"shell_id148709.json"},{"id":"id148701","size":2336,"bbox":[-10,-10,-4,10,56,4],"href":"shell_id148701.json"},{"id":"id148641","size":1470,"bbox":[-23.4068,-23.5,-8,23.4068,22,54.5],"href":"shell_id148641.json"},{"id":"id148794","size":1498,"bbox":[-23.4068,-23.5,-85.5,23.4068,22,-4],"href":"shell_id148794.json"},{"id":"id148813","size":5686,"bbox":[-6.77626e-17,-4,-4,14,4,4],"href":"shell_id148813.json"},{"id":"id148731","size":2344,"bbox":[-27.5,-30,-12,27.5,57.5,18],"href":"shell_id148731.json"},{"id":"id148753","size":876,"bbox":[-23,0,-9,7,0.5,9],"href":"shell_id148753.json"},{"id":"id148772","size":1092,"bbox":[-20,32.311,0,20,58,6],"href":"shell_id148772.json"},{"id":"id148804","size":3032,"bbox":[-18,-3,-3,-2.10309e-14,3,3],"href":"shell_id148804.json"},{"id":"id148792","size":4802,"bbox":[-6.77626e-17,-4,-4,18,4,4],"href":"shell_id148792.json"},{"id":"id148775","size":8108,"bbox":[-48,-50,-50,43.5,39.8476,50],"href":"shell_id148775.json"},{"id":"id148680","size":456,"bbox":[-4,-4,-12.5,4,4,12.5],"href":"shell_id148680.json"},{"id":"id148817","size":3810,"bbox":[-15,0,-15,15,30,15],"href":"shell_id148817.json"},{"id":"id148761","size":1034,"bbox":[-15.0518,0,-14.8916,15.0494,2,15.1],"href":"shell_id148761.json"},{"id":"id148769","size":208884,"bbox":[-41,-3,-3,-9.79799e-16,3,3],"href":"shell_id148769.json"},{"id":"id148789","size":8290,"bbox":[-10.25,22.9003,-11.681,10.25,72.7,11.681],"href":"shell_id148789.json"},{"id":"id148810","size":4802,"bbox":[-6.77626e-17,-4,-4,18,4,4],"href":"shell_id148810.json"},{"id":"id148749","size":9794,"bbox":[-35,-80,-108.578,35,-20,73.698],"href":"shell_id148749.json"},{"id":"id148786","size":3182,"bbox":[-31.3467,-20.4126,-21,72.5482,39.5554,21],"href":"shell_id148786.json"},{"id":"id148801","size":12558,"bbox":[-32,-16,-30,32,61,30],"href":"shell_id148801.json"},{"id":"id148689","size":2292,"bbox":[-24,-3,-3,-3.68664e-15,3,3],"href":"shell_id148689.json"},{"id":"id148685","size":216,"bbox":[-7.5,-7.5,0,7.5,7.5,1],"href":"shell_id148685.json"},{"id":"id148627","size":136,"bbox":[-4.38416,0,-4.38416,4.38416,10,4.38416],"href":"shell_id148627.json"},{"id":"id148705","size":4720,"bbox":[-15.95,-12.0123,-15.95,50.0089,0.949786,15.95],"href":"shell_id148705.json"},{"id":"id148757","size":1160,"bbox":[-12,-25,-25,14,25,25],"href":"shell_id148757.json"},{"id":"id148717","size":3552,"bbox":[-6.5,0,-25.6521,6.5,39.9956,25.6521],"href":"shell_id148717.json"},{"id":"id148726","size":72,"bbox":[-64.8763,-105.861,-19.0093,-60.4763,-75.8607,-14.6093],"href":"shell_id148726.json"},{"id":"id148744","size":2376,"bbox":[-75.2443,-75.8607,-26.5982,-60.4763,-33.0195,-14.6093],"href":"shell_id148744.json"},{"id":"id148797","size":360,"bbox":[0,-25,-30,1,65,30],"href":"shell_id148797.json"},{"id":"id148736","size":2750,"bbox":[-13.9683,-8.50589,-49.2905,-0.561431,62.7812,-24.2462],"href":"shell_id148736.json"}],"annotations":[],"batches":8}